FINAL TRANSFORMS (cloud -> global)

--- 20250627_123131_SP414-100-N15-1500-4H-3_aL_u.pcd ---
[[ 1.000000 -0.000000 -0.000000  0.000000]
 [-0.000000  1.000000  0.000000  0.000000]
 [ 0.000000  0.000000  1.000000  0.000000]
 [ 0.000000  0.000000  0.000000  1.000000]]

--- 20250627_123305_SP414-80-N15-1500-4H-3K_aL_u.pcd ---
[[ 0.999999 -0.001116 -0.000717 -0.000882]
 [ 0.001115  0.999998 -0.001365 -0.005720]
 [ 0.000718  0.001364  0.999999 -0.002061]
 [ 0.000000  0.000000  0.000000  1.000000]]

--- 20250627_123517_SP414-80-N15-1500-2K_aL_u.pcd ---
[[ 0.999999 -0.001162 -0.001249 -0.001052]
 [ 0.001160  0.999998 -0.001440 -0.006009]
 [ 0.001250  0.001438  0.999998 -0.007160]
 [ 0.000000  0.000000  0.000000  1.000000]]

--- 20250627_123713_SP414-60-N15-1500-4H-3K_aL_u.pcd ---
[[ 0.999997 -0.002419 -0.000986  0.002681]
 [ 0.002416  0.999993 -0.002926 -0.015881]
 [ 0.000993  0.002924  0.999995 -0.004604]
 [ 0.000000  0.000000  0.000000  1.000000]]

--- 20250627_123906_SP414-60-N15-1500-4K_aL_u.pcd ---
[[ 0.999995 -0.002830 -0.001149  0.005106]
 [ 0.002827  0.999992 -0.003001 -0.019856]
 [ 0.001157  0.002998  0.999995 -0.006827]
 [ 0.000000  0.000000  0.000000  1.000000]]

--- 20250627_124105_SP414-40-N15-1500-4H-3K_aL_u.pcd ---
[[ 0.999992 -0.003856 -0.000686  0.010252]
 [ 0.003852  0.999983 -0.004461 -0.026775]
 [ 0.000703  0.004459  0.999990 -0.006819]
 [ 0.000000  0.000000  0.000000  1.000000]]

--- 20250627_124248_SP414-40-N15-1500-4K_aL_u.pcd ---
[[ 0.999992 -0.004011 -0.000807  0.011402]
 [ 0.004007  0.999981 -0.004640 -0.028406]
 [ 0.000825  0.004637  0.999989 -0.009320]
 [ 0.000000  0.000000  0.000000  1.000000]]

--- 20250627_124508_SP414-20-N15-1500-4H-3K_aL_u.pcd ---
[[ 0.999982 -0.005941  0.000057  0.015807]
 [ 0.005942  0.999965 -0.005824 -0.030136]
 [-0.000022  0.005824  0.999983 -0.009642]
 [ 0.000000  0.000000  0.000000  1.000000]]

--- 20250627_124640_SP414-0-N15-1500-4H-3K_aL_u.pcd ---
[[ 0.998632 -0.052056  0.004961  0.586570]
 [ 0.052084  0.998627 -0.005679 -0.059406]
 [-0.004659  0.005930  0.999972  0.005868]
 [ 0.000000  0.000000  0.000000  1.000000]]

--- 20250627_124813_SP414-N20-N15-1500-4H-3_aL_u.pcd ---
[[ 0.998636 -0.051816  0.006459  0.590929]
 [ 0.051855  0.998636 -0.006061 -0.058893]
 [-0.006136  0.006388  0.999961  0.003507]
 [ 0.000000  0.000000  0.000000  1.000000]]

--- 20250627_124946_SP414-N40-N15-1500-4H-3_aL_u.pcd ---
[[ 0.998648 -0.051353  0.008034  0.594034]
 [ 0.051400  0.998661 -0.005820 -0.057916]
 [-0.007724  0.006226  0.999951  0.001477]
 [ 0.000000  0.000000  0.000000  1.000000]]

--- 20250627_125119_SP414-N60-N15-1500-4H-3_aL_u.pcd ---
[[ 0.998679 -0.050607  0.008933  0.594968]
 [ 0.050660  0.998699 -0.005803 -0.057149]
 [-0.008628  0.006248  0.999943 -0.001120]
 [ 0.000000  0.000000  0.000000  1.000000]]

--- 20250627_125231_SP414-N60-N15-1500-2K_aL_u.pcd ---
[[ 0.998673 -0.050632  0.009377  0.595690]
 [ 0.050689  0.998697 -0.005974 -0.057088]
 [-0.009062  0.006442  0.999938 -0.005584]
 [ 0.000000  0.000000  0.000000  1.000000]]

--- 20250627_125413_SP414-N80-N15-1500-4H-3_aL_u.pcd ---
[[ 0.998786 -0.048239  0.009943  0.596938]
 [ 0.048289  0.998822 -0.004873 -0.052957]
 [-0.009696  0.005348  0.999939 -0.003681]
 [ 0.000000  0.000000  0.000000  1.000000]]

--- 20250627_125740_SP414-QC_aL_u.pcd ---
[[ 0.998117 -0.061267 -0.002816  0.690399]
 [ 0.061205  0.997955 -0.018417  0.057154]
 [ 0.003939  0.018210  0.999826 -0.030491]
 [ 0.000000  0.000000  0.000000  1.000000]]

--- 20250627_125947_SP414-80-5-1500-3K_aL_u.pcd ---
[[ 0.998162 -0.060534 -0.002729  0.691181]
 [ 0.060470  0.997984 -0.019276  0.056659]
 [ 0.003890  0.019076  0.999810 -0.029730]
 [ 0.000000  0.000000  0.000000  1.000000]]

--- 20250627_130117_SP414-80-5-1500-4K_aL_u.pcd ---
[[ 0.998156 -0.060634 -0.002767  0.690806]
 [ 0.060570  0.997979 -0.019229  0.055325]
 [ 0.003927  0.019026  0.999811 -0.030140]
 [ 0.000000  0.000000  0.000000  1.000000]]

--- 20250627_130306_SP414-60-5-1500-2K_aL_u.pcd ---
[[ 0.998159 -0.060538 -0.003614  0.689983]
 [ 0.060455  0.997977 -0.019654  0.062014]
 [ 0.004796  0.019399  0.999800 -0.036627]
 [ 0.000000  0.000000  0.000000  1.000000]]

--- 20250627_130515_SP414-60-5-1500-1K_aL_u.pcd ---
[[ 0.998118 -0.061214 -0.003727  0.691755]
 [ 0.061129  0.997934 -0.019783  0.054699]
 [ 0.004930  0.019518  0.999797 -0.038130]
 [ 0.000000  0.000000  0.000000  1.000000]]

--- 20250627_130724_SP414-40-5-1500-4H_aL_u.pcd ---
[[ 0.998313 -0.057965 -0.003301  0.668586]
 [ 0.057913  0.998221 -0.014144  0.067838]
 [ 0.004115  0.013929  0.999895  0.002474]
 [ 0.000000  0.000000  0.000000  1.000000]]

--- 20250627_130846_SP414-40-5-1500-3H_aL_u.pcd ---
[[ 0.998330 -0.057638 -0.003960  0.667830]
 [ 0.057596  0.998288 -0.010208  0.061567]
 [ 0.004541  0.009963  0.999940  0.021586]
 [ 0.000000  0.000000  0.000000  1.000000]]

--- 20250627_131057_SP414-20-15-1500-3H_aL_u.pcd ---
[[ 0.998401 -0.056468 -0.002671  0.665379]
 [ 0.056435  0.998345 -0.011063  0.060914]
 [ 0.003292  0.010895  0.999935  0.024769]
 [ 0.000000  0.000000  0.000000  1.000000]]

--- 20250627_131254_SP414-0-15-1500-3H_aL_u.pcd ---
[[ 0.998350 -0.057373 -0.002381  0.673879]
 [ 0.057342  0.998288 -0.011499  0.058837]
 [ 0.003037  0.011344  0.999931  0.026885]
 [ 0.000000  0.000000  0.000000  1.000000]]

--- 20250627_131617_SP414-N20-20-1500-4H_aL_u.pcd ---
[[ 0.998314 -0.058032 -0.000869  0.674272]
 [ 0.058018  0.998249 -0.011507  0.059188]
 [ 0.001535  0.011437  0.999933  0.027672]
 [ 0.000000  0.000000  0.000000  1.000000]]

--- 20250627_131849_SP414-N40-20-1500-4H_aL_u.pcd ---
[[ 0.998179 -0.060322  0.000906  0.682312]
 [ 0.060329  0.998097 -0.012775  0.069314]
 [-0.000134  0.012807  0.999918  0.019322]
 [ 0.000000  0.000000  0.000000  1.000000]]

--- 20250627_132019_SP414-N40-20-1500-2K_aL_u.pcd ---
[[ 0.998219 -0.059663  0.000089  0.679622]
 [ 0.059657  0.998109 -0.014835  0.076298]
 [ 0.000796  0.014813  0.999890  0.012753]
 [ 0.000000  0.000000  0.000000  1.000000]]

--- 20250627_132425_SP414-N40-28-1500-2K_aL_u.pcd ---
[[ 0.998269 -0.058818  0.000470  0.672439]
 [ 0.058818  0.998147 -0.015567  0.078605]
 [ 0.000447  0.015567  0.999879  0.000154]
 [ 0.000000  0.000000  0.000000  1.000000]]

--- 20250627_132704_SP414-N60-N5-1500-2K_aL_u.pcd ---
[[ 0.998822 -0.047509  0.009825  0.596373]
 [ 0.047565  0.998853 -0.005565 -0.057390]
 [-0.009550  0.006026  0.999936 -0.007571]
 [ 0.000000  0.000000  0.000000  1.000000]]

--- 20250627_132908_SP414-N60-5-1500-2K_aL_u.pcd ---
[[ 0.998836 -0.047096  0.010381  0.596096]
 [ 0.047155  0.998872 -0.005562 -0.058307]
 [-0.010107  0.006045  0.999931 -0.011132]
 [ 0.000000  0.000000  0.000000  1.000000]]

--- 20250627_133233_SP414-N60-15-1500-3K_aL_u.pcd ---
[[ 0.998835 -0.046742  0.011959  0.594918]
 [ 0.046802  0.998893 -0.004796 -0.058691]
 [-0.011722  0.005350  0.999917 -0.023402]
 [ 0.000000  0.000000  0.000000  1.000000]]

--- 20250627_133401_SP414-N60-15-1500-4K_aL_u.pcd ---
[[ 0.998826 -0.047228  0.010793  0.598675]
 [ 0.047304  0.998857 -0.006905 -0.052592]
 [-0.010454  0.007407  0.999918 -0.026071]
 [ 0.000000  0.000000  0.000000  1.000000]]

--- 20250627_133632_SP414-N60-25-1500-4K_aL_u.pcd ---
[[ 0.995106 -0.098773  0.002845  0.863246]
 [ 0.098811  0.994885 -0.020997  0.469128]
 [-0.000757  0.021176  0.999775 -0.015758]
 [ 0.000000  0.000000  0.000000  1.000000]]

