import numpy as np

def original_translation_list_1():
    '''
    List from ICP registration
    '''
    T1 = np.array([[ 1.000000,  0.000000,  0.000000,  0.000000],
    [ 0.000000,  1.000000,  0.000000,  0.000000],
    [ 0.000000,  0.000000,  1.000000,  0.000000],
    [ 0.000000,  0.000000,  0.000000,  1.000000]])

    T2 = np.array([
    [ 1.000000, -0.000024, -0.000365, -0.001960],
    [ 0.000024,  1.000000, -0.000118, -0.000794],
    [ 0.000365,  0.000118,  1.000000, -0.004639],
    [ 0.000000,  0.000000,  0.000000,  1.000000]
    ])

    T3 = np.array([
    [ 1.000000, -0.000558,  0.000054, -0.001363],
    [ 0.000558,  1.000000,  0.000218, -0.002787],
    [-0.000054, -0.000218,  1.000000,  0.001744],
    [ 0.000000,  0.000000,  0.000000,  1.000000]
    ])

    T4 = np.array([[0.999999, -0.001029, -0.000933,  0.001455],
    [ 0.001030,  0.999999,  0.000775, -0.004535],
    [ 0.000932, -0.000776,  0.999999, -0.002628],
    [ 0.000000,  0.000000,  0.000000,  1.000000]])
    
    T5 = np.array([[0.999999, -0.001013, -0.001251, -0.000618],
    [ 0.001014,  0.999999, 0.000622, -0.005343],
    [ 0.001251, -0.000623,  0.999999, -0.006961],
    [ 0.000000,  0.000000,  0.000000,  1.000000]])

    T6 = np.array([[ 0.999999, -0.001364, -0.000625, -0.000168],
    [ 0.001365,  0.999999,  0.000985, -0.006498],
    [ 0.000623, -0.000986,  0.999999,  0.000418],
    [ 0.000000,  0.000000,  0.000000,  1.000000]])

    T7 = np.array([[ 0.999998, -0.001062, -0.001670,  0.001801],
    [ 0.001063,  0.999999,  0.000618, -0.006008],
    [ 0.001670, -0.000619,  0.999998, -0.005548],
    [ 0.000000,  0.000000,  0.000000,  1.000000]])

    T8 = np.array([[ 0.999998, -0.001051, -0.001935,  0.000566],
    [ 0.001051,  0.999999,  0.000369, -0.006950],
    [ 0.001935, -0.000371,  0.999998, -0.009895],
    [ 0.000000,  0.000000,  0.000000,  1.000000]])

    T9 = np.array([[ 1.000000, -0.000024, -0.000365, -0.001960],
    [ 0.000024,  1.000000, -0.000118, -0.000794],
    [ 0.000365,  0.000118,  1.000000, -0.004639],
    [ 0.000000,  0.000000,  0.000000,  1.000000]])

    T_gt_list = [T1, T2, T3, T4, T5, T6, T7, T8, T9]

    return T_gt_list

def final_translation_multiway_list_1():
    T1 = np.array([[ 1.000000,  0.000000,  0.000000, -0.000000],
    [ 0.000000,  1.000000,  0.000000,  0.000000],
    [ 0.000000, -0.000000,  1.000000,  0.000000],
    [ 0.000000,  0.000000,  0.000000,  1.000000]])

    T2 = np.array([[ 1.000000, -0.000000, -0.000284,  0.000001],
    [-0.000000,  1.000000, -0.000187,  0.000000],
    [ 0.000284,  0.000187,  1.000000, -0.007563],
    [ 0.000000,  0.000000 , 0.000000,  1.000000]])

    T3 = np.array([[ 1.000000, -0.000000,  0.000619,  0.000003],
    [ 0.000000,  1.000000,  0.000049, -0.000001],
    [-0.000619, -0.000049,  1.000000, -0.000555],
    [ 0.000000,  0.000000,  0.000000,  1.000000]])

    T4 = np.array([[ 1.000000, -0.000000,  0.000908,  0.000007],
    [ 0.000000,  1.000000,  0.000348, -0.000002],
    [-0.000908, -0.000348,  1.000000,  0.005107],
    [ 0.000000,  0.000000,  0.000000,  1.000000]])

    T5 = np.array([[ 1.000000, -0.000001, -0.000862, -0.000012],
    [ 0.000001,  1.000000,  0.000635,  0.000036],
    [ 0.000862, -0.000635,  0.999999,  0.017091],
    [ 0.000000,  0.000000,  0.000000,  1.000000]])

    T6 = np.array([[ 1.000000, -0.000000, -0.000255,  0.000001],
    [-0.000000 , 1.000000, -0.000162,  0.000001],
    [ 0.000255,  0.000162 , 1.000000, -0.005452],
    [ 0.000000,  0.000000 , 0.000000 , 1.000000]])

    T7 = np.array([[ 1.000000,  0.000000, -0.000937,  0.000013],
    [ 0.000000,  1.000000,  0.000421, -0.000001],
    [ 0.000937, -0.000421,  0.999999, -0.022583],
    [ 0.000000,  0.000000,  0.000000,  1.000000]])

    T8 = np.array([[ 1.000000,  0.000001, -0.000896,  0.000005],
    [ 0.000000,  0.999999,  0.001379,  0.000018],
    [ 0.000896, -0.001379,  0.999999, -0.009754],
    [ 0.000000,  0.000000,  0.000000,  1.000000]])

    T9 = np.array([[ 0.999999,  0.000001, -0.001250,  0.000014],
    [ 0.000001,  0.999999,  0.001264,  0.000009],
    [ 0.001250, -0.001264,  0.999998, -0.017087],
    [ 0.000000,  0.000000,  0.000000,  1.000000]])
    
    return [T1, T2, T3, T4, T5, T6, T7, T8, T9]

def final_translation_icp_list_1():
    
    T1 = np.array([[ 1.000000, -0.000067, -0.000180, -0.004089],
    [ 0.000067,  1.000000, -0.000135, -0.001389],
    [ 0.000180,  0.000135,  1.000000, -0.000345],
    [ 0.000000,  0.000000,  0.000000,  1.000000]])

    T2 = np.array([[ 1.000000, -0.000074, -0.000256, -0.004085],
    [ 0.000074,  1.000000, -0.000247, -0.004480],
    [ 0.000256,  0.000247,  1.000000, -0.000889],
    [ 0.000000,  0.00000,  0.000000,  1.000000]])

    T3 = np.array([[ 1.000000,  0.000000,  0.000000,  0.000000],
    [ 0.000000,  1.000000,  0.000000,  0.000000],
    [ 0.000000,  0.000000,  1.000000,  0.000000],
    [ 0.000000,  0.000000,  0.000000,  1.000000]])

    T4 = np.array([[ 1.000000,  0.000013,  0.000072,  0.002750],
    [-0.000013,  1.000000,  0.000163,  0.001254],
    [-0.000072, -0.000163,  1.000000,  0.000985],
    [ 0.000000,  0.000000,  0.000000,  1.000000]])
    
    T5 = np.array([[ 1.000000,  0.000000,  0.000000,  0.000000],
    [ 0.000000,  1.000000,  0.000000,  0.000000],
    [ 0.000000,  0.000000,  1.000000,  0.000000],
    [ 0.000000,  0.000000,  0.000000,  1.000000]])

    T6 = np.array([[ 1.000000, -0.000146, -0.000422, -0.006870],
    [ 0.000145,  1.000000, -0.000130, -0.003803],
    [ 0.000422,  0.000130,  1.000000, -0.001590],
    [ 0.000000,  0.000000,  0.000000,  1.000000]])

    T7 = np.array([[ 1.000000, -0.000146, -0.000422, -0.006870],
    [ 0.000145,  1.000000, -0.000130, -0.003803],
    [ 0.000422,  0.000130,  1.000000, -0.001590],
    [ 0.000000,  0.000000,  0.000000,  1.000000]])

    T8 = np.array([[ 1.000000, -0.000067, -0.000180, -0.004089],
    [ 0.000067,  1.000000, -0.000135, -0.001389],
    [ 0.000180,  0.000135,  1.000000, -0.000345],
    [ 0.000000,  0.000000,  0.000000,  1.000000]])

    T9 = np.array([[ 1.000000, -0.000067, -0.000180, -0.004089],
    [ 0.000067,  1.000000, -0.000135, -0.001389],
    [ 0.000180,  0.000135,  1.000000, -0.000345],
    [ 0.000000,  0.000000,  0.000000,  1.000000]])

    T_gt_list = [T1, T2, T3, T4, T5, T6, T7, T8, T9]
    return T_gt_list

def original_translation_list_2():
    '''
    Taken from multiway 1601 SP412
    '''
    T1_N80 = np.array([[ 1.000000,  0.000000,  0.000000,  0.000000],
    [ 0.000000,  1.000000,  0.000000,  0.000000],
    [ 0.000000,  0.000000,  1.000000,  0.000000],
    [ 0.000000,  0.000000,  0.000000,  1.000000]])

    T2_N60 = np.array([[ 1.000000, -0.000137, -0.000125,  0.001520],
    [ 0.000136,  0.999999, -0.001599, -0.004640],
    [ 0.000125,  0.001599,  0.999999, -0.002127],
    [ 0.000000,  0.000000,  0.000000,  1.000000]])

    T3_N40 = np.array([[ 0.999999, -0.001033,  0.000112,  0.008127],
    [ 0.001033,  0.999995, -0.003095, -0.012769],
    [-0.000108,  0.003095,  0.999995, -0.005066],
    [ 0.000000,  0.000000,  0.000000,  1.000000]]
)

    T4_N20 = np.array([[ 0.999999, -0.000849,  0.000915,  0.010003],
    [ 0.000853,  0.999990, -0.004429, -0.013251],
    [-0.000911,  0.004430,  0.999990, -0.007289],
    [ 0.000000,  0.000000,  0.000000,  1.000000]])

    T5_0 = np.array([[ 0.999997, -0.000850,  0.002115,  0.014906],
    [ 0.000861,  0.999985, -0.005421, -0.014807],
    [-0.002111,  0.005423,  0.999983, -0.009850],
    [ 0.000000,  0.000000,  0.000000,  1.000000]])

    T6_20 = np.array([[ 0.999994, -0.001008, 0.003450,  0.019717],
    [ 0.001029,  0.999981, -0.006023, -0.013844],
    [-0.003444,  0.006027,  0.999976, -0.012358],
    [ 0.000000,  0.000000,  0.000000,  1.000000]])

    T7_40 = np.array([[ 0.999987, -0.001250,  0.005031,  0.025150],
    [ 0.001281,  0.999981, -0.006009, -0.011843],
    [-0.005023,  0.006015,  0.999969, -0.014446],
    [ 0.000000,  0.000000,  0.000000,  1.000000]])

    T8_60 = np.array([[ 0.999987, -0.001057,  0.004986,  0.025286],
    [ 0.001087,  0.999982, -0.005970, -0.013446],
    [-0.004980,  0.005976,  0.999970, -0.013760],
    [ 0.000000,  0.000000,  0.000000,  1.000000]])

    T9_80 = np.array([[ 0.999987, -0.001140 , 0.005009,  0.025407],
    [ 0.001170,  0.999981, -0.006082, -0.012809],
    [-0.005002,  0.006087,  0.999969, -0.014336],
    [ 0.000000,  0.000000,  0.000000,  1.000000]])

    return[T1_N80, T2_N60, T3_N40, T4_N20, T5_0, T6_20, T7_40, T8_60, T9_80]

def final_translation_multiway_list_2():
    T1_0 = np.array([[ 1.000000,  0.000000,  0.000000,  0.000000],
    [ 0.000000,  1.000000,  0.000000,  0.000000],
    [ 0.000000,  0.000000,  1.000000,  0.000000],
    [ 0.000000,  0.000000,  0.000000,  1.000000]])

    T2_20 = np.array([[ 0.999999,  0.000000, -0.001124, -0.000005],
    [ 0.000001,  1.000000,  0.000710,  0.000002],
    [ 0.001124, -0.000710,  0.999999,  0.002062],
    [ 0.000000,  0.000000,  0.000000,  1.000000]])

    T3_40 = np.array([[ 0.999997, -0.000000, -0.002606, -0.000015],
    [ 0.000002,  1.000000,  0.000751,  0.000004],
    [ 0.002606, -0.000751,  0.999996,  0.004706],
    [ 0.000000,  0.000000,  0.000000,  1.000000]])

    T4_60 = np.array([[ 0.999996, -0.000000, -0.002655, -0.000018],
    [ 0.000002,  1.000000, 0.000727,  0.000005],
    [ 0.002655, -0.000727, 0.999996,  0.005963],
    [ 0.000000,  0.000000,  0.000000,  1.000000]])

    T5_80 = np.array([[ 0.999996,  0.000000, -0.002671, -0.000014],
    [ 0.000002,  1.000000,  0.000816,  0.000004],
    [ 0.002671, -0.000816,  0.999996,  0.004581],
    [ 0.000000,  0.000000,  0.000000,  1.000000]])

    T6_N20 = np.array([[ 0.999999,  0.000000,  0.001320, -0.000004],
    [ 0.000001,  0.999999, -0.001058,  0.000003],
    [-0.001320,  0.001058,  0.999999, -0.002277],
    [ 0.000000,  0.000000,  0.000000,  1.000000]],)

    T7_N40 = np.array([[ 0.999998,  0.000002,  0.002165, -0.000004],
    [ 0.000003,  0.999997, -0.002479,  0.000003],
    [-0.002165,  0.002479,  0.999995, -0.002514],
    [ 0.000000,  0.000000,  0.000000,  1.000000]], )

    T8_N60 = np.array([[ 0.999998,  0.000004,  0.001842, -0.000001],
    [ 0.000002,  0.999995, -0.003140, -0.000002],
    [-0.001842,  0.003140,  0.999993, -0.000727],
    [ 0.000000,  0.000000,  0.000000,  1.000000]],)
    
    T9_N80 = np.array([[ 0.999999,  0.000007,  0.001684, -0.000014],
    [ 0.000001,  0.999989, -0.004737,  0.000024],
    [-0.001684,  0.004737,  0.999987, -0.007169],
    [ 0.000000,  0.000000,  0.000000,  1.000000]],)

    return[T9_N80, T8_N60, T7_N40, T6_N20, T1_0, T2_20, T3_40, T4_60, T5_80]

def final_translation_icp_list_2():
    T1_N80 = np.array([[ 1.000000,  0.000000,  0.000000,  0.000000],
    [ 0.000000,  1.000000,  0.000000,  0.000000],
    [ 0.000000,  0.000000,  1.000000,  0.000000],
    [ 0.000000,  0.000000,  0.000000,  1.000000]])

    T2_N60 = np.array([[ 1.000000, -0.000000,  0.000153, -0.000000],
    [-0.000000,  0.999998,  0.001948,  0.000013],
    [-0.000153, -0.001948,  0.999998,  0.016833],
    [ 0.000000,  0.000000 , 0.000000,  1.000000]])

    T3_N40 = np.array([[ 0.999999, -0.000001,  0.001355, -0.000045],
    [-0.000004,  0.999993,  0.003771,  0.000210],
    [-0.001355, -0.003771,  0.999992,  0.027481],
    [ 0.000000,  0.000000,  0.000000,  1.000000]])

    T4_N20 = np.array([[ 1.000000, -0.000003,  0.000115, -0.000048],
    [ 0.000002,  0.999987,  0.005143,  0.000235],
    [-0.000115, -0.005143,  0.999987,  0.031472],
    [ 0.000000,  0.000000,  0.000000,  1.000000]])

    T5_0 = np.array([[ 0.999999, -0.000000, -0.001144, -0.000025],
    [ 0.000007,  0.999982,  0.006069,  0.000231],
    [ 0.001144, -0.006069,  0.999981,  0.035755],
    [ 0.000000,  0.000000, 0.000000,  1.000000]])

    T6_20 = np.array([[ 0.999997,  0.000001, -0.002448, -0.000027],
    [ 0.000015,  0.999979,  0.006501,  0.000236],
    [ 0.002448, -0.006501,  0.999976,  0.036601],
    [ 0.000000,  0.000000,  0.000000,  1.000000]])

    T7_40 = np.array([[ 1.000000,  0.000000,  0.000078,  0.000000],
    [-0.000000,  1.000000,  0.000074, 0.000000],
    [-0.000078, -0.000074,  1.000000,  0.000602],
    [ 0.000000,  0.000000,  0.000000,  1.000000]])

    T8_60 = np.array([[ 1.000000,  0.000000, -0.000096,  0.000000],
    [-0.000000,  1.000000,  0.000066,  0.000000],
    [ 0.000096, -0.000066,  1.000000,  0.005125],
    [ 0.000000,  0.000000,  0.000000,  1.000000]])
    
    T9_80 = np.array([[ 1.000000,  0.000000,  0.000000,  0.000000],
    [ 0.000000,  1.000000,  0.000000,  0.000000],
    [ 0.000000,  0.000000,  1.000000,  0.000000],
    [ 0.000000,  0.000000,  0.000000,  1.000000]])

    return[T1_N80, T2_N60, T3_N40, T4_N20, T5_0, T6_20, T7_40, T8_60, T9_80]